deviceName : LG Camera, deviceModel : 

VPSSDK Version : 0.9.0

Enter Tracking thread

VPSFusionLogic::_initialize

Find Image

0.19054635,0.19810182,0.9614821,0,-0.03307176,0.9801664,-0.19539735,0,-0.981121,0.0054343543,0.1933187,0,16.876371,-56.2818,74.52992,1

Find Image

0.0023669894,-0.95886123,-0.28386572,0,0.058991063,-0.28323835,0.95723367,0,-0.9982558,-0.019011382,0.055893704,0,-1.6516888,-41.800037,-86.05121,1

Find Image

-0.006561117,-0.9434704,-0.33139178,0,0.06580625,-0.33108792,0.9413025,0,-0.99781084,-0.015631653,0.06425855,0,-2.9495416,-37.436428,-89.46825,1

Find Image

0.044657916,-0.9937248,-0.10255114,0,0.091537565,-0.098151416,0.99095273,0,-0.9947998,-0.053641208,0.08657986,0,-1.4957004,-57.716564,-79.72793,1

Find Image

0.09015228,-0.9649595,0.24642588,0,0.102688394,0.25512105,0.9614408,0,-0.99061984,-0.06137101,0.12208987,0,0.47842607,-82.521576,-56.199257,1

Find Image

0.0785061,-0.915599,0.3943544,0,0.08513346,0.40028754,0.9124266,0,-0.99327195,-0.038058344,0.109373085,0,0.95685613,-90.80288,-44.065323,1

Find Image

0.09480186,-0.750268,0.65430164,0,-9.265765E-05,0.6572552,0.7536681,0,-0.9954962,-0.0715098,0.06223948,0,8.633317,-100.22899,-15.827984,1

Find Image

0.14100452,-0.5016865,0.85348016,0,0.023032907,0.8635224,0.50378424,0,-0.98974097,-0.05137772,0.13331585,0,9.615499,-100.74181,15.486356,1

Find Image

0.13832909,-0.35328865,0.9252309,0,-0.03246278,0.9320927,0.3607622,0,-0.98985416,-0.07993948,0.1174668,0,13.833489,-97.23194,30.462454,1

Find Image

0.10114942,-0.35786507,0.92827874,0,-0.0067852247,0.93279433,0.36034524,0,-0.99484813,-0.0427473,0.09192341,0,9.288415,-98.09231,29.79269,1

Find Image

0.089735545,-0.34983876,0.9325022,0,-0.023152893,0.93529373,0.35311407,0,-0.9956965,-0.053277012,0.07582932,0,9.719638,-98.51062,28.139526,1

Enter Tracking thread

VPSFusionLogic::_initialize

Find Image

0.19054635,0.19810182,0.9614821,0,-0.03307176,0.9801664,-0.19539735,0,-0.981121,0.0054343543,0.1933187,0,16.876371,-56.2818,74.52992,1

Find Image

0.19165125,0.19832298,0.9612168,0,-0.028499065,0.98008287,-0.19653326,0,-0.98104924,0.010272062,0.19348612,0,16.615274,-56.309242,74.69655,1

Enter Tracking thread

VPSFusionLogic::_initialize

Find Image

0.19191182,0.20275399,0.96023995,0,-0.03416961,0.97921395,-0.19993126,0,-0.9808172,0.005558158,0.19485076,0,17.035797,-55.962532,74.76186,1

Enter Tracking thread

VPSFusionLogic::_initialize

Find Image

0.18685895,0.20342623,0.96109396,0,-0.038987495,0.9790903,-0.1996553,0,-0.98161286,-0.00016325468,0.19088286,0,17.092016,-55.87521,74.75563,1

Enter Tracking thread

VPSFusionLogic::_initialize

Find Image

0.19319715,0.2027323,0.9599867,0,-0.032339543,0.97920436,-0.20028238,0,-0.9806269,0.007648457,0.19573575,0,16.970957,-55.97277,74.84625,1

Find Image

0.02025344,-0.9582604,-0.28517872,0,0.061739553,-0.2834942,0.9569846,0,-0.99788684,-0.03698911,0.05342073,0,-0.57604676,-41.66239,-86.21459,1

deviceName : LG Camera, deviceModel : 

VPSSDK Version : 0.9.0

Enter Tracking thread

VPSFusionLogic::_initialize

deviceName : LG Camera, deviceModel : 

VPSSDK Version : 0.9.0

Enter Tracking thread

VPSFusionLogic::_initialize

Enter Tracking thread

VPSFusionLogic::_initialize

Enter Tracking thread

VPSFusionLogic::_initialize

deviceName : LG Camera, deviceModel : 

VPSSDK Version : 0.9.0

Enter Tracking thread

VPSFusionLogic::_initialize

Enter Tracking thread

VPSFusionLogic::_initialize

Enter Tracking thread

VPSFusionLogic::_initialize

Enter Tracking thread

VPSFusionLogic::_initialize

deviceName : LG Camera, deviceModel : 

VPSSDK Version : 0.9.0

Enter Tracking thread

VPSFusionLogic::_initialize

Find Image

0.061141282,-0.93428755,0.35123864,0,0.052460153,0.35441852,0.93361425,0,-0.99674964,-0.03865639,0.070682436,0,-1.1643676,23.721899,-28.562662,1

deviceName : LG Camera, deviceModel : 

VPSSDK Version : 0.9.0

Enter Tracking thread

VPSFusionLogic::_initialize

Find Image

0.041702997,-0.93845963,0.34286198,0,0.041987415,0.34450346,0.93784565,0,-0.99824744,-0.024715083,0.053770322,0,-0.29947206,24.012047,-28.366562,1

deviceName : LG Camera, deviceModel : 

VPSSDK Version : 0.9.0

Enter Tracking thread

VPSFusionLogic::_initialize

Find Image

0.03810266,-0.9417605,0.33411893,0,0.041432936,0.3355631,0.94110614,0,-0.9984145,-0.022015143,0.051805727,0,-0.15697472,24.332209,-28.136091,1

Find Image

0.016201735,-0.91832095,0.395505,0,0.01918092,0.39576954,0.9181496,0,-0.9996848,-0.007289528,0.024026353,0,0.98804456,22.272245,-29.857933,1

Find Image

0.05045944,-0.9801431,0.19176406,0,0.09824118,0.19594859,0.9756807,0,-0.9938826,-0.030393222,0.10617783,0,-1.7926763,28.30026,-25.526892,1

Find Image

0.01800455,-0.9934758,-0.11261375,0,0.0697414,-0.11110986,0.9913581,0,-0.99740267,-0.02570286,0.06728583,0,-0.30768627,35.018414,-16.847471,1

Find Image

-0.044709783,-0.96029925,-0.27536595,0,0.06492564,-0.277852,0.9584273,0,-0.99688804,0.02497276,0.07477073,0,1.8125254,37.402042,-11.854923,1

Enter Tracking thread

VPSFusionLogic::_initialize

Find Image

0.04449393,-0.9414303,0.3342595,0,0.051359523,0.33630398,0.94035196,0,-0.9976886,-0.02467257,0.06331488,0,-0.5512044,24.363562,-28.20632,1

Find Image

0.044982407,-0.9769954,0.20846237,0,0.093983136,0.21188676,0.97276473,0,-0.9945571,-0.024165383,0.101352245,0,-1.4698263,27.789452,-25.862066,1

Find Image

-0.01246324,-0.9975546,-0.06877198,0,0.07809441,-0.06953837,0.99451786,0,-0.99686813,0.0070241555,0.07877005,0,0.56524056,34.228516,-18.347157,1

Find Image

-0.027951356,-0.9669029,-0.25360924,0,0.048081398,-0.25471526,0.96582013,0,-0.9984523,0.014802028,0.053609587,0,1.6437458,36.92442,-12.449132,1

Enter Tracking thread

VPSFusionLogic::_initialize

Find Image

0.04404672,-0.9350977,0.35164222,0,0.06356835,0.35389388,0.9331228,0,-0.997005,-0.018747691,0.075030476,0,-0.84168977,23.727365,-28.612736,1

Enter Tracking thread

VPSFusionLogic::_initialize

Find Image

0.026067762,-0.94440836,0.32774,0,0.03809574,0.3285517,0.9437174,0,-0.9989341,-0.012115172,0.04454249,0,0.34705544,24.581137,-28.00539,1

Find Image

0.06271129,-0.97585815,0.20920864,0,0.09793488,0.21462652,0.9717738,0,-0.9932151,-0.04045242,0.10903001,0,-2.182733,27.714687,-25.828451,1

VPSSDK Version : 0.9.0

Enter Tracking thread

Enter Tracking thread

Enter Tracking thread

VPSSDK Version : 0.9.0

Enter Tracking thread

deviceName : LG Camera, deviceModel : 

Enter Tracking thread

VPSFusionLogic::_initialize

Find Image

0.03810266,-0.9417605,0.33411893,0,0.041432936,0.3355631,0.94110614,0,-0.9984145,-0.022015143,0.051805727,0,-0.15697472,24.332209,-28.136091,1

Find Image

0.06688418,-0.9761044,0.20675322,0,0.10232601,0.21283506,0.97171533,0,-0.9924999,-0.043836217,0.11411611,0,-2.4362469,27.758165,-25.858263,1

Find Image

-0.0017439949,-0.99767303,-0.06815792,0,0.08062824,-0.06807643,0.9944168,0,-0.9967427,-0.0037612205,0.08055932,0,0.2003506,34.207855,-18.408827,1

Find Image

-0.025612513,-0.9652218,-0.26017478,0,0.04570816,-0.2611187,0.964224,0,-0.9986265,0.012804045,0.050806362,0,1.653534,37.146217,-12.319524,1

Find Image

-0.006697436,-0.9428287,-0.33321068,0,0.08378117,-0.3325757,0.9393478,0,-0.99646175,-0.021625632,0.08121858,0,0.122712165,37.923542,-10.511944,1

Enter Tracking thread

VPSFusionLogic::_initialize

Find Image

0.0314207,-0.94265556,0.33228505,0,0.040766966,0.33338115,0.9419104,0,-0.9986746,-0.016049296,0.04890423,0,0.10387382,24.416046,-28.18543,1

Enter Tracking thread

VPSFusionLogic::_initialize

Find Image

0.03810266,-0.9417605,0.33411893,0,0.041432936,0.3355631,0.94110614,0,-0.9984145,-0.022015143,0.051805727,0,-0.15697472,24.332209,-28.136091,1

Find Image

0.057487655,-0.9771002,0.20486704,0,0.09332889,0.20956752,0.97332996,0,-0.9939743,-0.036834482,0.10323919,0,-1.8867136,27.882475,-25.771824,1

Find Image

0.0038522205,-0.9969686,-0.077710435,0,0.085764445,-0.07709538,0.9933282,0,-0.9963081,-0.010491413,0.08520736,0,-0.17014715,34.49272,-18.101303,1

Find Image

-0.020396588,-0.9658499,-0.2582985,0,0.056664657,-0.25905374,0.9641993,0,-0.9981849,0.005029956,0.060013324,0,1.1705592,37.10468,-12.415414,1

Find Image

-0.010047897,-0.9434513,-0.33135912,0,0.08700222,-0.33094406,0.93963116,0,-0.9961575,-0.01938771,0.08540757,0,0.12669955,37.82763,-10.449902,1

Enter Tracking thread

VPSFusionLogic::_initialize

Find Image

0.06182924,-0.93560797,0.3475845,0,0.055976998,0.3509532,0.93471843,0,-0.9965158,-0.03833624,0.07407166,0,-1.2675192,23.832266,-28.45696,1

Enter Tracking thread

VPSFusionLogic::_initialize

Find Image

0.042700168,-0.9401145,0.3381737,0,0.045829978,0.33996922,0.9393192,0,-0.9980362,-0.024610601,0.057602163,0,-0.42016977,24.191837,-28.194592,1

Enter Tracking thread

VPSFusionLogic::_initialize

Find Image

0.043397363,-0.9405749,0.336802,0,0.04667459,0.33866024,0.9397504,0,-0.99796706,-0.025062636,0.05859788,0,-0.40760458,24.270565,-28.252398,1

Find Image

0.058565628,-0.97798157,0.20030509,0,0.09496562,0.2051975,0.97410244,0,-0.99375635,-0.03802684,0.104892135,0,-1.9757465,28.031137,-25.696589,1

Find Image

-0.0035648085,-0.99767554,-0.068050645,0,0.0808678,-0.06811587,0.99439466,0,-0.9967185,-0.001958338,0.08092258,0,0.2385383,34.234863,-18.260303,1

Find Image

-0.009372645,-0.9419763,-0.33554864,0,0.08848995,-0.33502823,0.93804353,0,-0.996033,-0.020900767,0.08649548,0,0.012782099,37.952213,-10.419405,1

Find Image

0.016514413,-0.9524195,-0.30434272,0,0.061050232,-0.30285585,0.9510791,0,-0.9979981,-0.034286764,0.053143866,0,-0.11897729,37.114185,-15.078345,1

Find Image

0.008326376,-0.947588,-0.31938645,0,0.04931335,-0.31861988,0.946599,0,-0.9987487,-0.023631811,0.044075713,0,0.36732125,37.034897,-16.549158,1

Find Image

-0.0019749813,-0.96352524,-0.26761055,0,0.09266774,-0.26663598,0.95933217,0,-0.99569523,-0.022904279,0.0898142,0,-0.831393,35.60162,-21.564682,1

Find Image

0.024617143,-0.9967254,-0.07702341,0,0.10261169,-0.07412059,0.9919562,0,-0.9944169,-0.032322664,0.100451,0,-1.9301604,30.393808,-28.70144,1

Enter Tracking thread

VPSFusionLogic::_initialize

Find Image

0.034353197,-0.9445838,0.32646817,0,0.041651085,0.32773027,0.94385284,0,-0.99854153,-0.018826662,0.050601482,0,-0.029916117,24.614576,-27.986858,1

Enter Tracking thread

VPSFusionLogic::_initialize

Find Image

0.0376417,-0.9400768,0.33887866,0,0.045780804,0.34038517,0.93917096,0,-0.99824214,-0.01983791,0.05585011,0,-0.18988392,24.206612,-28.268518,1

Find Image

0.057409406,-0.9774169,0.20337255,0,0.09431572,0.20810728,0.9735481,0,-0.9938857,-0.036709603,0.104133084,0,-1.9075649,27.927923,-25.753317,1

Find Image

0.0056429585,-0.9974952,-0.07050935,0,0.08564303,-0.069769345,0.99388003,0,-0.99630994,-0.011647086,0.08503477,0,-0.17187445,34.28414,-18.216513,1

Find Image

-0.021813476,-0.96407896,-0.26471874,0,0.051237114,-0.26551184,0.9627452,0,-0.99844825,0.0074373777,0.055188335,0,1.3972081,37.245564,-12.1261635,1

Find Image

-0.011633668,-0.94176,-0.33608454,0,0.08173719,-0.33587813,0.9383522,0,-0.996586,-0.016554141,0.08088429,0,0.35855943,37.932575,-10.318498,1

Enter Tracking thread

VPSFusionLogic::_initialize

Find Image

0.040236633,-0.94453764,0.3259291,0,0.052700017,0.3277453,0.9432952,0,-0.9977995,-0.020778604,0.06296448,0,-0.5258227,24.629366,-27.978456,1

Find Image

0.0594539,-0.98017156,0.18902145,0,0.08440373,0.19361433,0.97744036,0,-0.9946564,-0.04215859,0.0942412,0,-1.7495872,28.396013,-25.410633,1

Find Image

0.010513286,-0.9977318,-0.06648966,0,0.090372235,-0.0652732,0.9937668,0,-0.9958526,-0.016456626,0.08948096,0,-0.4601867,34.180008,-18.29981,1

Find Image

-0.027777847,-0.9656255,-0.25844893,0,0.044336364,-0.25948447,0.96472913,0,-0.99863046,0.015339353,0.050020162,0,1.7933846,37.105595,-12.466372,1

Find Image

-0.00540167,-0.9413418,-0.33741158,0,0.08452512,-0.33663884,0.9378326,0,-0.9964068,-0.023453955,0.081385344,0,0.02274781,38.05361,-10.5397835,1

Find Image

-0.005872319,-0.9529813,-0.30297253,0,0.060406033,-0.3027626,0.95114994,0,-0.9981567,-0.012715999,0.059343614,0,0.4521968,36.719723,-18.220955,1

Enter Tracking thread

VPSFusionLogic::_initialize

Find Image

0.034996074,-0.94143677,0.33536863,0,0.04466421,0.3367122,0.9405477,0,-0.9983889,-0.017936504,0.053832136,0,-0.07219851,24.335356,-28.195238,1

Find Image

0.05878105,-0.9804824,0.18761437,0,0.09846433,0.19271737,0.97630167,0,-0.9934031,-0.03891478,0.107870616,0,-2.101095,28.436562,-25.393183,1

Find Image

0.0061539905,-0.9970061,-0.07707876,0,0.082276344,-0.07631412,0.9936835,0,-0.9965906,-0.012456963,0.081560284,0,-0.09361194,34.48716,-18.058271,1

Find Image

-0.017856322,-0.96469027,-0.26278108,0,0.04831782,-0.2633485,0.96349,0,-0.9986724,0.0045073703,0.051314153,0,1.3921344,37.183212,-12.297719,1

Find Image

-0.007732646,-0.94284517,-0.33314168,0,0.08737652,-0.33251452,0.93904185,0,-0.9961454,-0.021847554,0.084953636,0,0.018585958,37.92157,-10.518625,1

Enter Tracking thread

VPSFusionLogic::_initialize

Find Image

0.03991877,-0.93600464,0.3497169,0,0.055613942,0.35153458,0.9345216,0,-0.9976541,-0.017855871,0.06608769,0,-0.5571803,23.742447,-28.52514,1

Enter Tracking thread

VPSFusionLogic::_initialize

Find Image

0.03810266,-0.9417605,0.33411893,0,0.041432936,0.3355631,0.94110614,0,-0.9984145,-0.022015143,0.051805727,0,-0.15697472,24.332209,-28.136091,1

Find Image

0.057464965,-0.9782211,0.19945256,0,0.094799355,0.20422657,0.9743227,0,-0.9938365,-0.0370815,0.10447055,0,-1.936246,28.058716,-25.66843,1

Find Image

0.014295588,-0.9975142,-0.0690021,0,0.09128593,-0.06741904,0.99354,0,-0.9957222,-0.020502249,0.09009511,0,-0.6375182,34.244152,-18.323555,1

Find Image

-0.030603921,-0.9671394,-0.25239852,0,0.048493993,-0.2536562,0.9660782,0,-0.9983546,0.017325867,0.05466318,0,1.6990244,36.911736,-12.470703,1

Find Image

-0.006040886,-0.94145423,-0.3370867,0,0.086303554,-0.3363259,0.9377828,0,-0.99625057,-0.023426749,0.083282545,0,-0.0060556275,37.993042,-10.347661,1

Find Image

-0.0030411223,-0.9532784,-0.30207783,0,0.06663129,-0.30160108,0.9511031,0,-0.99777305,-0.017235434,0.06443535,0,0.17146406,37.059483,-15.215315,1

Find Image

0.014633201,-0.9480982,-0.317641,0,0.046879273,-0.3166752,0.94737494,0,-0.9987934,-0.028753942,0.03981213,0,0.32431832,36.96067,-16.619844,1

Find Image

-0.0070038005,-0.95602405,-0.29320475,0,0.054845184,-0.29313788,0.9544958,0,-0.9984703,-0.009395791,0.054486368,0,0.7064874,36.398907,-18.724606,1

Find Image

0.010272746,-0.9980441,-0.06166478,0,0.11557304,-0.06006973,0.991481,0,-0.9932459,-0.017312055,0.11472987,0,-2.0878458,29.826607,-29.394964,1

Find Image

0.012551389,-0.99937594,0.033019174,0,0.06889794,0.033807613,0.99705076,0,-0.9975448,-0.010239465,0.06927922,0,-0.69998634,26.545013,-33.137863,1

Find Image

0.023849336,-0.98842406,0.14983077,0,0.052932896,0.1509116,0.98712915,0,-0.9983133,-0.015611494,0.0559192,0,-0.47379175,21.969137,-36.866657,1

Find Image

0.048887815,-0.9381792,0.34268034,0,0.05640965,0.34513643,0.9368558,0,-0.9972101,-0.026470358,0.069795325,0,-1.2984492,13.631967,-41.33894,1

Find Image

0.04786418,-0.866612,0.49668178,0,0.09303813,0.49895793,0.8616176,0,-0.9945115,0.0049696597,0.10451013,0,-2.6858215,5.686391,-43.832134,1

Enter Tracking thread

VPSFusionLogic::_initialize

Find Image

0.03810266,-0.9417605,0.33411893,0,0.041432936,0.3355631,0.94110614,0,-0.9984145,-0.022015143,0.051805727,0,-0.15697472,24.332209,-28.136091,1

Find Image

0.06445021,-0.9777804,0.19947873,0,0.09336576,0.20492572,0.97431433,0,-0.99354374,-0.044170357,0.104498655,0,-2.1386185,28.022434,-25.635853,1

Find Image

0.0027955554,-0.9978493,-0.06549081,0,0.086435765,-0.06500489,0.9941345,0,-0.99625355,-0.008439956,0.08606809,0,-0.09477033,34.151367,-18.3331,1

Find Image

-0.023230176,-0.9629725,-0.26859695,0,0.05104958,-0.2694616,0.96165717,0,-0.99842596,0.008627665,0.05541893,0,1.401316,37.34494,-12.103534,1

Find Image

-0.011929605,-0.94349694,-0.33116636,0,0.08514932,-0.3309455,0.9398003,0,-0.99629676,-0.016987143,0.084286176,0,0.20732746,37.887394,-10.599391,1

Find Image

-0.0014920232,-0.9517226,-0.30695564,0,0.0630704,-0.3064344,0.9498,0,-0.99800795,-0.017942686,0.060482744,0,0.2221629,36.8279,-18.006218,1

Find Image

0.023688506,-0.99696314,-0.07418464,0,0.102072395,-0.07140572,0.9922109,0,-0.9944949,-0.031076204,0.100070916,0,-1.8944031,30.300592,-28.913185,1

Find Image

0.016234845,-0.99950874,0.026810654,0,0.060688574,0.027749764,0.99777097,0,-0.99802476,-0.0145715885,0.061109237,0,-0.42728925,26.82629,-32.946087,1

Find Image

0.04113821,-0.99015135,0.13382135,0,0.02182936,0.13479334,0.99063337,0,-0.9989151,-0.03783176,0.027159426,0,0.42131376,22.74831,-36.676323,1

Find Image

0.07836118,-0.93643904,0.34196717,0,0.036742862,0.34550175,0.93769854,0,-0.9962477,-0.060914338,0.061481353,0,-1.2703978,13.620524,-41.432243,1

Find Image

0.061987936,-0.86290085,0.5015573,0,0.076108046,0.50514716,0.8596709,0,-0.99517095,-0.015116735,0.096986696,0,-2.2458208,5.3165975,-43.68994,1

Enter Tracking thread

VPSFusionLogic::_initialize

Find Image

0.054372296,-0.9436145,0.3265509,0,0.04754755,0.32911035,0.94309366,0,-0.99738806,-0.035751536,0.062760994,0,-0.8683694,24.594084,-27.969803,1

Enter Tracking thread

VPSFusionLogic::_initialize

Find Image

0.05203835,-0.94208497,0.3313125,0,0.05242353,0.33388156,0.94115615,0,-0.9972682,-0.031607676,0.06676204,0,-0.91159695,24.416107,-28.053787,1

Enter Tracking thread

VPSFusionLogic::_initialize

Find Image

0.03810266,-0.9417605,0.33411893,0,0.041432936,0.3355631,0.94110614,0,-0.9984145,-0.022015143,0.051805727,0,-0.15697472,24.332209,-28.136091,1

deviceName : LG Camera, deviceModel : 

VPSSDK Version : 0.9.0

Enter Tracking thread

VPSFusionLogic::_initialize

Find Image

0.03810266,-0.9417605,0.33411893,0,0.041432936,0.3355631,0.94110614,0,-0.9984145,-0.022015143,0.051805727,0,-0.15697472,24.332209,-28.136091,1

Find Image

0.016201735,-0.91832095,0.395505,0,0.01918092,0.39576954,0.9181496,0,-0.9996848,-0.007289528,0.024026353,0,0.98804456,22.272245,-29.857933,1

Enter Tracking thread

VPSFusionLogic::_initialize

Find Image

0.06017862,-0.944395,0.32325953,0,0.047701057,0.32619724,0.94409746,0,-0.99704725,-0.0413947,0.06467871,0,-1.0604801,24.706848,-27.923182,1

Find Image

0.064200856,-0.9156316,0.39685902,0,0.041767128,0.3997964,0.91565186,0,-0.99706256,-0.04220997,0.06391057,0,-1.1791286,22.14689,-29.674997,1

Find Image

0.048381485,-0.9774929,0.20534573,0,0.099309094,0.2092754,0.97280085,0,-0.99387974,-0.026672855,0.10719898,0,-1.7290912,27.867275,-25.88122,1

Find Image

-0.00057253096,-0.992976,-0.118314646,0,0.052594308,-0.11818085,0.9915983,0,-0.9986158,-0.0056549865,0.052292515,0,0.8143128,35.161266,-16.667202,1

Find Image

-0.042510137,-0.9628001,-0.26685017,0,0.06597813,-0.26921394,0.9608178,0,-0.9969152,0.023238158,0.07496798,0,1.7422588,37.19718,-12.107236,1

Enter Tracking thread

VPSFusionLogic::_initialize

Find Image

0.05108421,-0.9413192,0.33362937,0,0.044398695,0.33587578,0.9408593,0,-0.997707,-0.03325038,0.058951266,0,-0.6782658,24.325054,-28.132038,1

Enter Tracking thread

VPSFusionLogic::_initialize

Find Image

0.026864216,-0.9437817,0.32947615,0,0.04193495,0.3303689,0.94291985,0,-0.99875915,-0.011514272,0.048452515,0,0.23942041,24.504692,-28.160084,1

Enter Tracking thread

VPSFusionLogic::_initialize

Find Image

0.03810266,-0.9417605,0.33411893,0,0.041432936,0.3355631,0.94110614,0,-0.9984145,-0.022015143,0.051805727,0,-0.15697472,24.332209,-28.136091,1

Find Image

0.06090044,-0.97769237,0.20101939,0,0.09589617,0.20619267,0.9738011,0,-0.9935266,-0.040027935,0.10631417,0,-2.075975,27.981894,-25.69394,1

Find Image

-0.02546668,-0.9658538,-0.25783327,0,0.048492517,-0.2588069,0.9647112,0,-0.9984989,0.012064925,0.053427525,0,1.5447532,37.081398,-12.462803,1

Find Image

0.00024920446,-0.9526966,-0.30392298,0,0.05774373,-0.30340222,0.9511114,0,-0.9983314,-0.017786713,0.05493658,0,0.36305338,36.744377,-18.127422,1

Find Image

-0.0035760838,-0.9978957,-0.064741634,0,0.12209001,-0.06469344,0.9904084,0,-0.99251264,-0.0043625725,0.12206439,0,-1.9927826,29.98994,-29.476154,1

Find Image

0.029583499,-0.9989963,0.03363216,0,0.04771537,0.03501993,0.9982469,0,-0.9984228,-0.027926868,0.048703488,0,-0.20391922,26.519629,-33.38616,1

Find Image

0.08972656,-0.985371,0.14489038,0,0.009384545,0.14630714,0.98919475,0,-0.99592227,-0.08739734,0.022374867,0,-0.30112574,22.231213,-36.751434,1

Find Image

0.036854222,-0.9362271,0.34945768,0,0.058967765,0.35112327,0.9344706,0,-0.9975794,-0.013832472,0.06814757,0,-1.0533026,13.200272,-41.678444,1

Find Image

0.012001566,-0.8659407,0.50000274,0,0.11343376,0.4979898,0.8597319,0,-0.9934731,0.04639902,0.104203545,0,-2.3899465,5.6496105,-43.72153,1

Find Image

0.020480884,-0.85111094,0.52458626,0,0.04949192,0.5249161,0.84971386,0,-0.99856454,0.008559863,0.052873846,0,-0.36111003,3.8930738,-45.15318,1

Find Image

0.030976593,-0.8361171,0.54767585,0,0.055370305,0.5485328,0.8342937,0,-0.9979853,0.0044813417,0.0632877,0,-0.8969577,2.413559,-46.10373,1

Find Image

-0.008760325,-0.8232145,0.56766295,0,0.058814798,0.56627774,0.82211334,0,-0.99823046,0.040588964,0.043456417,0,-0.021769144,0.8398585,-47.275578,1

Find Image

0.040544685,-0.8095175,0.5856942,0,-0.0011747992,0.5861371,0.81021106,0,-0.9991771,-0.03353788,0.022813696,0,0.88137424,-0.5299701,-48.526783,1

Find Image

0.024599927,-0.8315354,0.5549269,0,0.031146545,0.55546284,0.8309579,0,-0.9992121,-0.0031574948,0.039563775,0,-0.25171047,1.1282058,-49.46388,1

Find Image

0.031544387,-0.8363243,0.54732686,0,0.047085173,0.5482348,0.83499795,0,-0.9983927,-0.0005685215,0.056672204,0,-1.0538441,1.3388966,-50.729702,1

Find Image

0.042540602,-0.8199018,0.5709215,0,0.07566876,0.5724415,0.81644654,0,-0.9962251,0.00846879,0.08639296,0,-2.808691,-0.42508954,-51.70317,1

Find Image

0.053088445,-0.7753026,0.62935483,0,0.0770162,0.6315453,0.7715044,0,-0.9956154,0.007512554,0.09323862,0,-3.235618,-4.5482244,-52.57444,1

Find Image

0.05582817,-0.7405639,0.6696629,0,0.02738719,0.67159235,0.74041456,0,-0.99806476,-0.02299584,0.05777572,0,-1.1007444,-7.5974603,-53.264126,1

Find Image

0.024676783,-0.7410036,0.67104757,0,0.022745928,0.67149436,0.7406605,0,-0.9994367,-0.003013528,0.03342513,0,0.019581646,-7.9562006,-55.685184,1

Find Image

0.02515338,-0.69487923,0.7186865,0,0.010461951,0.7190575,0.69487184,0,-0.9996289,-0.0099595515,0.025356503,0,0.3219897,-11.62748,-57.375652,1

Find Image

0.018407851,-0.8916049,0.45244,0,0.045175124,0.45279616,0.8904689,0,-0.9988095,0.0040473854,0.048613347,0,-1.1084305,7.878008,-60.294785,1

Find Image

0.030195706,-0.90340465,0.42772448,0,0.012419005,0.42822567,0.9035865,0,-0.99946684,-0.021972513,0.024149967,0,0.06573208,10.430086,-61.996597,1

Find Image

0.0331083,-0.79922056,0.60012543,0,0.06440496,0.60091263,0.7967158,0,-0.99737453,0.012273084,0.07136893,0,-2.8643923,-2.0123777,-65.16771,1

Find Image

0.031597827,-0.78926563,0.6132385,0,0.041037545,0.61405194,0.78819805,0,-0.9986579,0.00026042465,0.05179221,0,-1.7213815,-2.9131217,-67.49779,1

Find Image

-0.002314091,-0.8043859,0.59410274,0,0.06721295,0.5926357,0.8026614,0,-0.997736,0.041788805,0.05269372,0,-1.9377183,-1.2131906,-70.02159,1

Find Image

0.025672484,-0.78215086,0.62256,0,0.05186773,0.6229687,0.7805253,0,-0.9983239,0.012252756,0.056561545,0,-2.1937454,-3.6884408,-72.36307,1

Find Image

0.048320312,-0.7800284,0.6238757,0,0.048398484,0.62570006,0.7785609,0,-0.9976586,-0.00742567,0.06798621,0,-3.2228236,-4.386694,-74.41323,1

Find Image

0.018703954,-0.791738,0.61057454,0,0.061282378,0.6104409,0.7896875,0,-0.99794525,0.022647133,0.05993722,0,-2.8464704,-3.545263,-76.7093,1

Find Image

0.071987286,-0.8255021,0.5597894,0,0.049156323,0.56349987,0.8246524,0,-0.9961935,-0.03184732,0.08114346,0,-4.5585413,2.2383237,-80.87143,1

Find Image

-0.004348915,-0.9525925,0.30421823,0,0.110238746,0.30191016,0.94694126,0,-0.99389565,0.037654757,0.10369958,0,-5.4439964,25.599579,-79.21902,1

Find Image

-0.040001616,-0.8919384,-0.45038405,0,0.10115666,-0.45204398,0.88624126,0,-0.994066,-0.010108271,0.10830799,0,-4.4123516,79.52805,-49.33162,1

Find Image

-0.0894807,-0.5298413,-0.8433632,0,0.04184693,-0.8480123,0.5283221,0,-0.99510914,0.011982429,0.098052815,0,1.4268076,99.257805,-16.881655,1

Find Image

-0.055065632,-0.5343617,-0.8434604,0,0.082227126,-0.8442996,0.52952516,0,-0.9950912,-0.040196694,0.090430886,0,-4.027535,99.449585,-19.890102,1

Find Image

-0.06951735,-0.529587,-0.8454023,0,0.057589963,-0.8481697,0.5265849,0,-0.9959171,-0.012079917,0.089461334,0,-1.074283,99.36142,-20.31823,1

Find Image

-0.06383892,-0.47192693,-0.87932336,0,0.040329825,-0.8816208,0.47023204,0,-0.99714494,-0.0054438445,0.07531448,0,0.09842251,100.90158,-17.860752,1

Find Image

-0.0944148,-0.58214146,-0.8075873,0,0.06307601,-0.81307924,0.578726,0,-0.9935328,0.003700878,0.113485776,0,-1.7062056,97.43827,-35.107986,1

Find Image

-0.07283759,-0.5826748,-0.8094349,0,0.055634372,-0.8127007,0.5800194,0,-0.9957909,-0.0027852003,0.091611855,0,-1.6704627,97.41114,-36.225197,1

Find Image

-0.07124957,-0.12899913,-0.9890818,0,0.035330907,-0.9913061,0.12674412,0,-0.99683267,-0.025914699,0.07518768,0,0.045006886,104.034546,10.566395,1

Find Image

-0.019948969,-0.31232628,-0.94976544,0,0.0009479687,-0.94996,0.31237036,0,-0.99980056,0.0053311107,0.019246748,0,2.31158,103.80485,-11.487323,1

Find Image

-0.02066792,-0.3486502,-0.93702507,0,0.049927656,-0.93641585,0.34732226,0,-0.998539,-0.039605044,0.036760997,0,-2.7080157,103.47093,-16.807014,1

Find Image

-0.011454897,-0.44096333,-0.89745206,0,0.10591533,-0.892997,0.43742245,0,-0.99430925,-0.09004332,0.056933858,0,-8.676657,100.886536,-27.790085,1

Find Image

-0.049739927,-0.47748512,-0.8772308,0,0.069688335,-0.8778366,0.47386342,0,-0.99632806,-0.03756284,0.076938614,0,-4.2239604,99.79329,-33.051144,1

Find Image

-0.07515734,-0.29667056,-0.95201784,0,0.00871441,-0.9548771,0.29687357,0,-0.9971337,0.014015945,0.07435126,0,2.4547603,104.24448,-14.349475,1

Find Image

-0.06517839,-0.14410578,-0.98741347,0,0.0108124,-0.9895615,0.14370555,0,-0.9978151,-0.0013098172,0.0660561,0,1.9842455,105.77345,0.0062021543,1

Enter Tracking thread

VPSFusionLogic::_initialize

Find Image

0.033819064,-0.9447203,0.32612845,0,0.04367944,0.32740045,0.94387555,0,-0.99847305,-0.017675905,0.052337214,0,-0.044687804,24.616322,-28.057878,1

Enter Tracking thread

VPSFusionLogic::_initialize

Find Image

0.04028808,-0.94015324,0.33836195,0,0.039819792,0.33987853,0.939626,0,-0.99839437,-0.024382254,0.05112974,0,-0.19457188,24.183369,-28.281027,1

Enter Tracking thread

VPSFusionLogic::_initialize

Find Image

0.03810266,-0.9417605,0.33411893,0,0.041432936,0.3355631,0.94110614,0,-0.9984145,-0.022015143,0.051805727,0,-0.15697472,24.332209,-28.136091,1

Enter Tracking thread

VPSFusionLogic::_initialize

Find Image

0.026746456,-0.9439565,0.3289845,0,0.038956083,0.32983646,0.94323397,0,-0.99888295,-0.012412241,0.04559479,0,0.30352733,24.541826,-28.018068,1

Enter Tracking thread

VPSFusionLogic::_initialize

Find Image

0.043159943,-0.943235,0.32930994,0,0.044064533,0.33109352,0.94256854,0,-0.998096,-0.026170323,0.05585318,0,-0.3896214,24.49277,-28.049255,1

Find Image

0.06173728,-0.9786597,0.19599445,0,0.097747535,0.2013535,0.9746293,0,-0.99329454,-0.04101303,0.108092554,0,-2.1728911,28.161001,-25.60701,1

Find Image

0.009910119,-0.99716616,-0.07457571,0,0.09365315,-0.073326044,0.9929011,0,-0.99555564,-0.01682409,0.092661,0,-0.57523394,34.401012,-18.22019,1

Find Image

-0.03517752,-0.96437347,-0.26219535,0,0.046655834,-0.26365644,0.96348774,0,-0.9982915,0.021660134,0.054268382,0,1.8893425,37.1306,-12.448542,1

Find Image

-0.0051859515,-0.9441105,-0.32958826,0,0.08394213,-0.3288404,0.9406475,0,-0.99645716,-0.02278819,0.08095599,0,0.05274198,37.843494,-10.648975,1

Find Image

-0.008509573,-0.95400137,-0.29968166,0,0.069872804,-0.2995273,0.95152575,0,-0.9975197,-0.012842554,0.06920755,0,0.1409189,36.58681,-18.104574,1

Enter Tracking thread

VPSFusionLogic::_initialize

Find Image

0.036253083,-0.9426206,0.331892,0,0.048230365,0.3333736,0.9415604,0,-0.9981782,-0.018127235,0.057548724,0,-0.26075792,24.411057,-28.093525,1

Enter Tracking thread

VPSFusionLogic::_initialize

Find Image

0.03810266,-0.9417605,0.33411893,0,0.041432936,0.3355631,0.94110614,0,-0.9984145,-0.022015143,0.051805727,0,-0.15697472,24.332209,-28.136091,1

Enter Tracking thread

VPSFusionLogic::_initialize

Find Image

0.033146005,-0.94400215,0.3282703,0,0.04120697,0.32946223,0.94326913,0,-0.9986007,-0.017738612,0.0498198,0,0.024477893,24.567083,-27.996157,1

Enter Tracking thread

VPSFusionLogic::_initialize

Find Image

0.047320444,-0.9386376,0.3416436,0,0.047787737,0.3437624,0.93784,0,-0.99773604,-0.028052675,0.061122324,0,-0.6246857,24.05696,-28.333227,1

Enter Tracking thread

VPSFusionLogic::_initialize

Find Image

0.065876596,-0.94555503,0.31872556,0,0.04846351,0.32207438,0.94547313,0,-0.99665016,-0.046838004,0.06704207,0,-1.2834182,24.862411,-27.809042,1

Enter Tracking thread

VPSFusionLogic::_initialize

Find Image

0.03810266,-0.9417605,0.33411893,0,0.041432936,0.3355631,0.94110614,0,-0.9984145,-0.022015143,0.051805727,0,-0.15697472,24.332209,-28.136091,1

Find Image

0.06688418,-0.9761044,0.20675322,0,0.10232601,0.21283506,0.97171533,0,-0.9924999,-0.043836217,0.11411611,0,-2.4362469,27.758165,-25.858263,1

Find Image

-0.0017439949,-0.99767303,-0.06815792,0,0.08062824,-0.06807643,0.9944168,0,-0.9967427,-0.0037612205,0.08055932,0,0.2003506,34.207855,-18.408827,1

Enter Tracking thread

VPSFusionLogic::_initialize

Find Image

0.058009576,-0.9467795,0.31661275,0,0.037908252,0.31900704,0.94699395,0,-0.99759614,-0.042932563,0.054396164,0,-0.76394904,24.96662,-27.727514,1

Enter Tracking thread

VPSFusionLogic::_initialize

Find Image

0.03810266,-0.9417605,0.33411893,0,0.041432936,0.3355631,0.94110614,0,-0.9984145,-0.022015143,0.051805727,0,-0.15697472,24.332209,-28.136091,1

Enter Tracking thread

VPSFusionLogic::_initialize

Find Image

0.041433178,-0.942501,0.33162525,0,0.04823623,0.33341008,0.94154716,0,-0.9979763,-0.023015004,0.059276883,0,-0.43378115,24.409967,-28.223196,1

Enter Tracking thread

VPSFusionLogic::_initialize

Find Image

0.06691955,-0.9439522,0.3232277,0,0.044961624,0.3264777,0.94413495,0,-0.9967449,-0.048648298,0.064289324,0,-1.2335461,24.695135,-27.926813,1

Find Image

0.06449623,-0.9785993,0.19540645,0,0.11138317,0.20165001,0.9731038,0,-0.9916824,-0.040996537,0.12200516,0,-2.6047251,28.151905,-25.56807,1

Find Image

0.005872485,-0.99735564,-0.07243876,0,0.08598881,-0.07166811,0.9937151,0,-0.9962789,-0.012064572,0.08534047,0,-0.20845383,34.344696,-18.374647,1

Find Image

-0.019581327,-0.9648783,-0.26196665,0,0.04998443,-0.26263407,0.9636001,0,-0.9985581,0.0057742386,0.053371508,0,1.346392,37.226448,-12.437884,1

Find Image

-0.006501623,-0.94015193,-0.3406937,0,0.08091237,-0.34007844,0.9369098,0,-0.99670005,-0.021474956,0.07828089,0,0.18642563,38.127247,-10.377808,1

Find Image

-0.006227686,-0.95255286,-0.3043096,0,0.058399606,-0.3041426,0.9508348,0,-0.9982739,-0.0118501065,0.057522748,0,0.52680963,36.750538,-18.072926,1

Find Image

0.033366095,-0.99896806,0.0308148,0,0.052163962,0.03253055,0.9981086,0,-0.998081,-0.03169561,0.053195506,0,-0.5161694,26.64059,-33.211323,1

Find Image

0.06835577,-0.987302,0.14339575,0,0.016026631,0.1448,0.9893312,0,-0.9975323,-0.065328404,0.025720986,0,-0.09406195,22.352816,-36.924797,1

Find Image

0.0447603,-0.937357,0.34548283,0,0.05482417,0.34761307,0.9360339,0,-0.9974923,-0.022956379,0.06694906,0,-1.0849919,13.463851,-41.467,1

Find Image

0.05068717,-0.86669326,0.49625972,0,0.0860662,0.4988405,0.8624099,0,-0.99499923,-0.001001965,0.09987778,0,-2.4045749,5.701629,-43.9742,1

Find Image

0.020685218,-0.8553552,0.51762897,0,0.044115927,0.5180163,0.8542324,0,-0.9988123,0.0051656365,0.04845003,0,-0.12102788,4.4291735,-45.126312,1

Find Image

0.024183514,-0.83473784,0.5501163,0,0.0655452,0.5504171,0.83231294,0,-0.99755657,0.015929196,0.06802406,0,-1.1362451,2.2001789,-46.184353,1

Find Image

-0.01186593,-0.8261895,0.5632674,0,0.056870475,0.5618376,0.82529044,0,-0.9983111,0.041826088,0.040319044,0,0.2332988,1.1808653,-47.3019,1

Find Image

0.019848881,-0.8324306,0.5537737,0,0.024999974,0.55412287,0.83205944,0,-0.99949044,-0.002671148,0.03180945,0,0.20377052,1.2112405,-49.517807,1

Find Image

0.037889253,-0.83733755,0.5453716,0,0.043081254,0.54662484,0.83626866,0,-0.9983529,-0.008190308,0.056784756,0,-1.0820037,1.4782645,-50.762814,1

Find Image

0.03308375,-0.8224813,0.5678292,0,0.06950364,0.56865805,0.8196324,0,-0.997033,0.012349665,0.07597878,0,-2.191334,-0.16272074,-51.76651,1

Enter Tracking thread

VPSFusionLogic::_initialize

Find Image

0.040880814,-0.9456849,0.32250413,0,0.052432876,0.32435966,0.9444796,0,-0.99778736,-0.021701321,0.06284503,0,-0.51630133,24.74017,-27.907299,1

Find Image

0.055415805,-0.9788998,0.19668348,0,0.08449073,0.20087704,0.9759661,0,-0.99488217,-0.037466045,0.09383969,0,-1.6136938,28.152246,-25.62537,1

Find Image

-0.020928606,-0.9652778,-0.2603862,0,0.05045912,-0.26113123,0.96398365,0,-0.9985069,0.007035905,0.054172084,0,1.3743662,37.183292,-12.416285,1

Find Image

-0.0075027556,-0.9454202,-0.32576737,0,0.0854885,-0.32519028,0.9417765,0,-0.99631095,-0.020783462,0.083262354,0,0.08643774,37.722523,-10.73302,1

Enter Tracking thread

VPSFusionLogic::_initialize

Find Image

0.036523834,-0.9434578,0.3294747,0,0.04368474,0.33088675,0.94265884,0,-0.9983776,-0.020036586,0.053299896,0,-0.16257964,24.512201,-28.010077,1

Find Image

0.061115917,-0.9767957,0.20526826,0,0.096633755,0.21047705,0.97281104,0,-0.9934419,-0.039618406,0.10725492,0,-2.0897298,27.852394,-25.78121,1

Find Image

0.014736381,-0.99729294,-0.07203885,0,0.09119105,-0.07040594,0.99334145,0,-0.9957244,-0.021207549,0.08990668,0,-0.6369036,34.32061,-18.194199,1

Find Image

-0.023564039,-0.96386373,-0.26535174,0,0.0461475,-0.26619127,0.962815,0,-0.9986567,0.01044245,0.05075239,0,1.5754341,37.25856,-12.219532,1

Find Image

-0.01034151,-0.94163233,-0.33648434,0,0.08688302,-0.3360759,0.93781894,0,-0.99616486,-0.019536346,0.08528734,0,0.13234404,37.956234,-10.301229,1

Find Image

-0.015007997,-0.95367265,-0.30047187,0,0.0657469,-0.30079663,0.9514194,0,-0.9977235,-0.0054762345,0.067215316,0,0.44590226,36.637688,-18.329268,1

Find Image

0.011857761,-0.9964909,-0.08285755,0,0.106805824,-0.08112712,0.99096465,0,-0.99420923,-0.020600308,0.105469026,0,-1.8238667,30.638237,-28.730276,1

Find Image

0.030303253,-0.999135,0.028478356,0,0.055832524,0.030138923,0.9979852,0,-0.99798024,-0.028652212,0.056697503,0,-0.6068708,26.768887,-33.02258,1

Find Image

0.06751701,-0.98767173,0.14123097,0,0.026590472,0.14328493,0.9893243,0,-0.9973638,-0.06304088,0.03593677,0,-0.49384752,22.432323,-36.788033,1

Find Image

0.088375315,-0.92995965,0.3568823,0,0.020372018,0.35989663,0.9327698,0,-0.99587893,-0.07516347,0.050751094,0,-0.8564723,12.776888,-41.854332,1

Find Image

0.06908768,-0.86526793,0.4965263,0,0.058026683,0.5003583,0.8638719,0,-0.9959216,-0.030871175,0.084777184,0,-1.5393742,5.5995593,-44.053856,1

Find Image

0.015667249,-0.8544296,0.519331,0,0.044390578,0.51947695,0.8533307,0,-0.9988915,0.009684014,0.046067372,0,0.033479776,4.310897,-45.230747,1

Find Image

0.032591518,-0.83784586,0.54493314,0,0.0561778,0.5458965,0.8359672,0,-0.99788874,0.0033676797,0.06485992,0,-0.97738874,2.5658836,-46.042946,1

Enter Tracking thread

VPSFusionLogic::_initialize

Find Image

0.021238633,-0.94438696,0.3281499,0,0.035356373,0.32872805,0.9437626,0,-0.99914914,-0.008442107,0.04037178,0,0.5781269,24.57128,-28.037683,1

Find Image

0.05730088,-0.9791011,0.19513498,0,0.094656855,0.19990367,0.9752326,0,-0.9938595,-0.037410844,0.10413327,0,-1.9182235,28.187178,-25.53348,1

Find Image

0.011557232,-0.99772716,-0.0663859,0,0.090909965,-0.06506703,0.99373126,0,-0.9957921,-0.01751999,0.08995127,0,-0.5230976,34.159393,-18.285843,1

Find Image

-0.032494064,-0.96444935,-0.2622625,0,0.044822033,-0.26354322,0.9636057,0,-0.9984664,0.019556334,0.05179218,0,1.8811257,37.166626,-12.237388,1

Find Image

-0.004908727,-0.9451209,-0.32668415,0,0.08432365,-0.32591578,0.9416308,0,-0.99642634,-0.022925027,0.081295826,0,0.048769057,37.733852,-10.627943,1

Enter Tracking thread

VPSFusionLogic::_initialize

Find Image

0.046013266,-0.9400041,0.33804587,0,0.04882002,0.340116,0.9391154,0,-0.9977471,-0.026708357,0.061540868,0,-0.59507847,24.201534,-28.272781,1

Enter Tracking thread

VPSFusionLogic::_initialize

Find Image

0.03810266,-0.9417605,0.33411893,0,0.041432936,0.3355631,0.94110614,0,-0.9984145,-0.022015143,0.051805727,0,-0.15697472,24.332209,-28.136091,1

Find Image

0.06090044,-0.97769237,0.20101939,0,0.09589617,0.20619267,0.9738011,0,-0.9935266,-0.040027935,0.10631417,0,-2.075975,27.981894,-25.69394,1

Enter Tracking thread

VPSFusionLogic::_initialize

Find Image

0.031029312,-0.93949646,0.34115055,0,0.045055114,0.34228262,0.9385162,0,-0.99850255,-0.013750984,0.05294988,0,0.00063551497,24.076223,-28.295048,1

Find Image

0.058525555,-0.9781766,0.19936252,0,0.094481386,0.20423587,0.9743516,0,-0.9938049,-0.038188446,0.10437247,0,-1.9556038,28.06296,-25.660583,1

Find Image

0.0045961663,-0.9977999,-0.06613993,0,0.0871316,-0.065489545,0.9940419,0,-0.99618626,-0.010331735,0.08663881,0,-0.20999187,34.17879,-18.513103,1

Enter Tracking thread

VPSFusionLogic::_initialize

Find Image

0.04045864,-0.946098,0.3213436,0,0.038510207,0.32284442,0.94566834,0,-0.9984389,-0.025885515,0.049496222,0,-0.16954127,24.800896,-27.840317,1

Find Image

0.059496984,-0.97882015,0.19588602,0,0.09560583,0.20091906,0.97493136,0,-0.99363965,-0.039277676,0.10553495,0,-2.0132282,28.157656,-25.558025,1

Enter Tracking thread

VPSFusionLogic::_initialize

Find Image

0.03386019,-0.94441795,0.3269989,0,0.038210567,0.32817057,0.9438454,0,-0.9986959,-0.019464009,0.04719864,0,0.07094398,24.61034,-27.980734,1

Find Image

0.06653137,-0.9784515,0.19546431,0,0.11413142,0.20207527,0.97269714,0,-0.99123544,-0.04240629,0.12511636,0,-2.7377732,28.110794,-25.520058,1

Find Image

0.00242346,-0.99356335,-0.1132517,0,0.058352232,-0.112918556,0.9918893,0,-0.9982931,-0.009012298,0.05770298,0,0.5173142,35.0282,-16.749315,1

Find Image

-0.03765025,-0.96077925,-0.27474695,0,0.06813144,-0.27677026,0.95851785,0,-0.99696577,0.017369464,0.07587964,0,1.5044684,37.41741,-12.01525,1

Find Image

0.010836127,-0.9469112,-0.32131258,0,0.05480909,-0.32028595,0.945734,0,-0.99843806,-0.027858945,0.048428684,0,0.15189458,37.107746,-16.79736,1

Find Image

-0.009425803,-0.97250825,-0.23267761,0,0.09928582,-0.23244834,0.96752787,0,-0.9950143,-0.013981878,0.09874727,0,-0.8271794,34.730976,-22.916534,1

Find Image

0.03194008,-0.997621,0.061092675,0,0.07895617,0.063451216,0.9948568,0,-0.9963663,-0.02695223,0.08079491,0,-1.5592728,25.485615,-34.009007,1

Find Image

0.034548074,-0.9857106,0.16486698,0,0.04594459,0.16635749,0.9849946,0,-0.99834645,-0.02645496,0.051035367,0,-0.57209605,21.375748,-37.305607,1

Find Image

0.047808073,-0.9320369,0.3591961,0,0.067148015,0.3617926,0.9298373,0,-0.99659705,-0.020334521,0.07988096,0,-1.6532867,12.849008,-41.742153,1

Find Image

0.04823361,-0.86007595,0.5078808,0,0.078698374,0.51016426,0.8564689,0,-0.99573094,-0.0013412132,0.092293635,0,-2.120279,5.2139654,-43.99927,1

Enter Tracking thread

VPSFusionLogic::_initialize

Find Image

0.03373961,-0.9419855,0.3339537,0,0.03700674,0.33509225,0.9414583,0,-0.9987453,-0.019405939,0.046165664,0,0.099086255,24.348444,-28.148014,1

Enter Tracking thread

VPSFusionLogic::_initialize

Find Image

0.02847122,-0.9459286,0.32312325,0,0.0332079,0.32397088,0.9454841,0,-0.99904287,-0.01618888,0.04063612,0,0.37511504,24.74937,-27.89977,1

Find Image

0.055831045,-0.9818406,0.18130633,0,0.09651699,0.18604645,0.9777889,0,-0.9937643,-0.03709185,0.10515145,0,-1.9497942,28.647562,-25.227995,1

Find Image

-0.023224458,-0.9649924,-0.26124766,0,0.05400104,-0.26214755,0.96351576,0,-0.99827075,0.008269475,0.058198817,0,1.3297586,37.19404,-12.3308325,1

Find Image

